dim 100 100 100
putBox 2 13 15 25 21 26 0.99 0.01 0.01 1
cutBox 4 5 21 25 24 25
cutBox 10 11 21 25 24 25
putBox 2 13 15 21 26 30 0.99 0.01 0.01 1 
putBox 2 7 19 21 30 31 0.99 0.01 0.01 1
putBox 8 13 19 21 30 31 0.99 0.01 0.01 1
putBox 3 7 20 21 26 29 0.99 0.99 0.99 1
putBox 8 12 20 21 26 29 0.99 0.99 0.99
putBox 4 6 22 22 26 28 0.0 0.0 0.0 1
putBox 8 11 20 21 26 28 0.99 0.99 0.99 1
putBox 9 11 22 22 26 28 0.01 0.01 0.01 1
putBox 8 12 20 21 26 29 0.99 0.99 0.99 1

putBox 2 13 16 20 7 21 0.99 0.01 0.01 1
putBox 2 13 11 16 7 19 0.99 0.01 0.01 1
putBox 2 13 8 11 7 19 0.99 0.01 0.01 1
putBox 2 13 20 22 15 17 0.99 0.01 0.01 1
cutBox 4 11 20 22 15 17 0.99 0.01 0.01 1
putBox 2 13 22 23 13 16 0.99 0.01 0.01 1
cutBox 4 11 22 23 13 16 0.99 0.01 0.01 1
putBox 2 13 22 23 13 14 0.99 0.65 0.3 1
cutBox 4 11 22 23 13 14 0.99 0.65 0.3 1
putBox 4 11 20 21 7 21 0.99 0.65 0.3 1
putBox 3 12 20 24 20 21 0.99 0.65 0.3 1

putBox 0 15 9 17 6 13 0.99 0.01 0.01 1
cutBox 3 12 9 17 6 7 0.99 0.01 0.01 1
putBox 0 15 8 15 3 6 0.99 0.01 0.01 1
cutBox 3 12 8 15 3 6 0.99 0.01 0.01 1
putBox 0 15 8 18 0 3 0.99 0.01 0.01 1
cutBox 3 12 8 18 0 3 0.99 0.01 0.01 1
putBox 0 15 17 18 0 3 0.99 0.65 0.3 1
cutBox 3 12 17 18 0 3 0.99 0.65 0.3 1
cutBox 1 2 17 18 0 3 0.99 0.65 0.3 1
cutBox 13 14 17 18 0 3 0.99 0.65 0.3 1
putBox 4 11 8 20 7 8 0.99 0.65 0.3 1

putBox 5 10 3 8 7 10 0.99 0.65 0.3 1
cutBox 5 10 3 5 7 8 0.99 0.65 0.3 1
putBox 5 10 4 8 9 11 0.99 0.01 0.01 1
putBox 5 10 3 4 10 12 0.99 0.01 0.01 1
putBox 5 10 2 3 11 13 0.99 0.01 0.01 1
putBox 5 10 1 2 11 16 0.99 0.01 0.01 1
putBox 5 10 2 4 15 16 0.99 0.01 0.01 1
putBox 5 10 0 1 11 16 0.99 0.65 0.3 1
putBox 5 10 1 3 10 11 0.99 0.65 0.3 1
putBox 5 10 1 4 16 17 0.99 0.65 0.3 1




